T1 = 0.0308;
T2 = 0.0106;
T3 = 0.0095;
T4 = 0.2087;
T5 = 0.0630;

K = 1.2;
Kt = 0.4006;

g = 9.8;

T1 = T1*K*Kt;
T2 = T2*K*Kt;
T3 = T3*K*Kt;
T4 = T4*K*Kt;
T5 = T5*K*Kt;